224,4
196,6
196,17
196,5
196,20
196,4
168,6
168,5
4294967278,36
4294967278,35
4294967278,34
4294967278,33
4294967278,27
4294967278,26
4294967278,20
4294967278,19
4294967278,18
4294967278,13
4294967278,12
4294967279,86
4294967279,85
4294967279,84
4294967279,78
4294967279,73
4294967279,72
4294967279,66
4294967279,61
4294967279,60
4294967279,54
4294967279,49
4294967279,37
4294967279,21
4294967279,157
210,5
210,4
210,6
139,1
146,11
146,10
146,4
146,8
146,5
205,4
210,1
203,4
170,4
135,4
200,7
200,5
200,2
146,1
181,4
185,7
4294967279,138
191,5
191,4
4294967278,88
4294967278,0
201,5
200,8
200,6
214,4
187,1
181,6
181,5
188,4
4294967294,92
4294967294,88
168,4
4294967294,508
4294967294,1422
4294967294,44
4294967294,68
4294967294,106
4294967294,384
4294967294,184
4294967294,1022
0,5
4294967294,1429
4294967294,5
4294967294,17
4294967294,42
4294967294,67
4294967294,99
4294967294,76
4294967294,41
4294967294,43
4294967294,51
4294967294,52
4294967294,25
4294967294,26
4294967294,1037
4294967294,82
4294967294,83
4294967278,195
4294967294,22
185,6
185,5
191,1
199,4
200,4
171,4
185,4
185,1
4294967293,131
4294967293,130
4294967293,129
4294967293,128
4294967293,127
4294967293,126
4294967293,125
4294967293,124
4294967293,123
4294967293,122
4294967293,121
4294967293,120
4294967293,119
4294967293,118
4294967293,117
4294967293,116
4294967293,115
4294967293,114
4294967293,113
4294967293,112
4294967293,111
4294967293,110
4294967293,109
4294967293,108
4294967293,107
4294967293,106
4294967293,105
4294967293,104
4294967293,103
4294967293,102
4294967293,101
4294967293,100
4294967293,99
4294967293,98
4294967293,97
4294967293,96
4294967293,95
4294967293,94
4294967293,93
4294967293,92
4294967293,91
4294967293,90
4294967293,89
4294967293,87
4294967293,86
4294967293,85
4294967293,84
4294967293,83
4294967293,82
4294967293,81
4294967293,80
4294967293,79
4294967293,78
4294967293,77
4294967293,76
4294967293,75
4294967293,74
4294967293,73
4294967293,72
4294967293,71
4294967293,70
4294967293,69
4294967293,68
4294967293,67
4294967293,66
4294967293,65
4294967293,64
4294967293,63
4294967293,62
4294967293,61
4294967293,60
4294967293,59
4294967293,58
4294967293,57
4294967293,56
4294967293,55
4294967293,54
4294967293,53
4294967293,52
4294967293,51
4294967293,50
4294967293,49
4294967293,48
4294967293,47
4294967293,46
4294967293,45
4294967293,44
4294967293,43
4294967293,42
4294967293,41
4294967293,40
4294967293,39
4294967293,38
4294967293,37
4294967293,36
4294967293,35
4294967293,34
4294967293,33
4294967293,32
4294967293,31
4294967293,30
4294967293,29
4294967293,28
4294967293,27
4294967293,26
4294967293,25
4294967293,24
4294967293,23
4294967293,22
4294967293,21
4294967293,20
4294967293,19
4294967293,18
4294967293,17
4294967293,16
4294967293,15
4294967293,14
4294967293,13
4294967293,12
4294967293,11
4294967293,10
4294967293,9
4294967293,8
4294967293,7
4294967293,6
4294967293,5
4294967293,4
4294967293,3
4294967278,132
4294967278,129
4294967278,128
4294967278,127
4294967278,126
4294967278,421
4294967278,242
4294967278,118
4294967278,240
4294967278,117
4294967278,439
4294967278,116
4294967278,419
4294967278,102
4294967278,397
4294967278,100
4294967278,99
4294967278,98
4294967278,377
4294967278,93
4294967278,321
4294967278,92
4294967278,91
4294967278,90
4294967278,234
4294967278,86
4294967278,418
4294967278,232
4294967278,80
4294967278,302
4294967278,79
4294967278,78
4294967278,77
4294967278,76
4294967278,230
4294967278,73
4294967278,373
4294967278,72
4294967278,228
4294967278,71
4294967278,70
4294967278,425
4294967278,31
4294967278,30
4294967278,423
4294967278,25
4294967278,22
4294967278,422
4294967278,21
4294967278,174
4294967278,260
4294967278,2
4294967279,132
4294967279,131
4294967279,130
4294967279,129
4294967279,128
4294967279,127
4294967279,472
4294967279,126
4294967279,125
4294967279,486
4294967279,124
4294967279,485
4294967279,458
4294967279,483
4294967279,477
4294967279,83
4294967279,81
4294967279,79
4294967279,77
4294967279,495
4294967279,507
4294967279,71
4294967279,70
4294967279,69
4294967279,470
4294967279,64
4294967279,63
4294967279,434
4294967279,53
4294967279,500
4294967279,416
4294967279,48
4294967279,45
4294967279,241
4294967279,43
4294967279,42
4294967279,257
4294967279,41
4294967279,487
4294967279,40
4294967279,423
4294967279,39
4294967279,38
4294967279,36
4294967279,35
4294967279,234
4294967279,34
4294967279,33
4294967279,391
4294967279,32
4294967279,31
4294967279,474
4294967279,506
4294967279,30
4294967279,29
4294967279,28
4294967279,302
4294967279,27
4294967279,289
4294967279,26
4294967279,24
4294967279,23
4294967279,418
4294967279,22
4294967279,424
4294967279,20
4294967279,462
4294967279,19
4294967279,291
4294967279,18
4294967279,17
4294967279,16
4294967279,15
4294967279,461
4294967279,260
4294967279,425
4294967279,14
4294967279,465
4294967279,13
4294967279,12
4294967279,446
4294967279,11
4294967279,10
4294967279,9
4294967279,8
4294967279,88
4294967279,0
4294967279,460
4294967279,412
4294967279,224
4294967279,7
4294967279,305
4294967279,6
4294967279,388
4294967279,5
4294967279,222
4294967279,4
170,1
201,1
4294967294,1450
63,4
201,4
186,4
38,4
4294967278,182
4294967294,175
4294967294,173
4294967294,1430
4294967294,1453
4294967278,180
4294967279,67
4294967278,417
4294967294,50
4294967294,40
4294967294,38
4294967294,37
4294967294,96
4294967294,94
4294967294,507
4294967294,500
4294967294,499
4294967294,498
4294967294,12
4294967294,506
4294967294,81
4294967294,126
4294967294,18
4294967294,11
4294967294,188
4294967294,1044
4294967294,984
4294967294,742
4294967294,414
4294967294,2049
4294967294,186
4294967294,1018
4294967294,409
4294967294,465
4294967294,423
4294967294,2050
4294967294,1021
4294967294,402
4294967294,1023
4294967294,120
4294967294,1424
1,0
4294967294,989
4294967294,463
4294967294,461
4294967294,104
4294967294,0
4294967279,468
4294967278,387
4294967279,236
4294967279,464
4294967278,410
4294967279,422
4294967279,421
4294967279,414
4294967278,409
4294967278,407
4294967278,406
4294967278,416
4294967278,258
4294967278,402
4294967278,430
4294967278,308
4294967278,326
4294967279,459
4294967278,415
4294967278,414
4294967278,395
4294967279,471
4294967278,428
4294967278,304
4294967278,324
4294967278,322
4294967278,424
4294967279,457
4294967278,392
4294967279,456
4294967278,375
4294967279,455
4294967278,301
4294967278,413
4294967278,280
4294967278,391
4294967279,453
4294967278,389
4294967278,412
4294967278,388
4294967279,467
4294967279,307
4294967279,452
4294967278,411
4294967294,875
4294967294,874
4294967294,871
4294967294,869
4294967294,866
4294967294,864
4294967294,863
4294967294,861
4294967294,860
4294967294,859
4294967294,858
4294967294,856
4294967294,855
4294967294,854
4294967294,853
4294967294,852
4294967294,849
4294967294,846
4294967294,845
4294967294,843
4294967294,842
4294967294,840
4294967294,838
4294967294,834
4294967294,318
4294967294,317
4294967294,315
4294967294,313
4294967294,307
4294967294,306
4294967294,300
4294967294,299
4294967294,294
4294967294,293
4294967294,291
4294967294,290
4294967294,289
4294967294,287
4294967294,286
4294967294,284
4294967294,283
4294967294,282
4294967294,281
4294967294,280
4294967294,278
4294967294,277
4294967294,276
4294967294,270
4294967294,267
4294967294,266
4294967294,265
4294967294,263
4294967294,261
4294967294,260
4294967294,259
4294967294,256
4294967294,254
4294967294,253
4294967294,252
4294967294,250
4294967294,244
4294967294,241
4294967294,240
4294967294,237
4294967294,236
4294967294,232
4294967294,231
4294967294,230
4294967294,229
4294967294,228
4294967294,227
4294967294,226
4294967294,224
4294967294,223
4294967294,222
4294967294,221
4294967294,220
4294967294,219
4294967294,216
4294967294,215
4294967294,211
4294967294,210
4294967294,209
4294967294,733
4294967294,207
4294967294,723
4294967294,205
4294967294,201
4294967294,199
4294967294,197
4294967294,196
4294967294,195
4294967294,722
4294967294,193
4294967294,825
4294967294,822
4294967294,820
4294967294,816
4294967294,814
4294967294,811
4294967294,810
4294967294,807
4294967294,716
4294967294,801
4294967294,799
4294967294,798
4294967294,796
4294967294,795
4294967294,794
4294967294,793
4294967294,790
4294967294,789
4294967294,786
4294967294,784
4294967294,783
4294967294,781
4294967294,780
4294967294,779
4294967294,777
4294967294,775
4294967294,770
4294967294,769
4294967294,703
4294967294,702
4294967294,701
4294967294,697
4294967294,696
4294967294,693
4294967294,691
4294967294,690
4294967294,689
4294967294,688
4294967294,686
4294967294,684
4294967294,683
4294967294,682
4294967294,680
4294967294,678
4294967294,676
4294967294,675
4294967294,672
4294967294,671
4294967294,669
4294967294,707
4294967294,667
4294967294,662
4294967294,661
4294967294,659
4294967294,656
4294967294,655
4294967294,653
4294967294,652
4294967294,651
4294967294,648
4294967294,646
4294967294,643
4294967294,640
4294967294,638
4294967294,633
4294967294,628
4294967294,705
4294967294,625
4294967294,734
4294967294,622
4294967294,621
4294967294,620
4294967294,630
4294967294,615
4294967294,721
4294967294,614
4294967294,613
4294967294,732
4294967294,710
4294967294,610
4294967294,731
4294967294,629
4294967294,607
4294967294,606
4294967294,726
4294967294,719
4294967294,704
4294967294,605
4294967294,718
4294967294,728
4294967294,275
4294967294,727
4294967294,238
4294967294,706
4294967294,724
4294967294,235
4294967294,715
4294967294,792
4294967294,711
4294967294,72
4294967294,791
4294967294,70
4294967294,720
4294967294,71
4294967294,748
4294967294,1172
4294967294,588
4294967294,443
4294967294,1201
4294967294,1572
4294967294,142
4294967294,990
4294967294,1016
4294967294,589
4294967279,451
4294967278,386
4294967278,385
4294967279,450
4294967279,466
4294967279,316
4294967279,449
4294967279,288
4294967278,341
